eta=0.01
lambda=0.01
10000 iterations

Note: didn't have time to fetch the actual words but the arg sort gets the INDEX of the word from the word list given

Entropy
arg sort: [5665  840 3601 1254 3745 4012  451 6724 2253 1462 5557 1292 4344 2948
 2490 3814 4085 6713 5310 5071 5046 1520 2301 1642 4799 4872 6577 2991
 5826 3123  508  547 2481  346 5876 1464 4011 2040  342 1923  849  665
 5679 3103 5385 1944 2977 6069 5931 5988  558 5835 4793 6025  309 5307
 6138 4864 5105 3802 5050 5154 1387 4920 3859 5918  415 3015 5257 5842
 1750 4266 4214 3938 5365 6651 3033  670 4620 2720 6447 4321 2002 5147
 4603 2425 5745 2587 6232 2655 6269 4672 4484 2240  657 2258 3397 2482
 3570 3770]
entropy sort: [4.32192809 4.32192788 4.32192752 4.32192595 4.32192489 4.3219248
 4.32191989 4.3219148  4.32191056 4.32190699 4.32190617 4.32190451
 4.32189636 4.32188869 4.32187864 4.32187037 4.32186873 4.32186728
 4.32186547 4.32186434 4.32186042 4.32185845 4.32185318 4.32184715
 4.32182823 4.32182413 4.3218219  4.32181778 4.32181532 4.32181109
 4.32180817 4.32180806 4.32178703 4.32178602 4.32178306 4.32177481
 4.32176653 4.32175174 4.32173559 4.32172611 4.32172482 4.32172453
 4.32171055 4.32166435 4.32165475 4.32165275 4.32160735 4.32159813
 4.3215857  4.32158407 4.32157985 4.32157786 4.32156859 4.32155836
 4.32155586 4.32154912 4.32153229 4.32153229 4.32153013 4.32151173
 4.32150708 4.3215029  4.32149892 4.32146016 4.32145846 4.32144331
 4.32138468 4.32138005 4.32137994 4.32136578 4.32136119 4.32134871
 4.32134589 4.32132313 4.32131704 4.32131557 4.32131363 4.32130941
 4.32129017 4.32126107 4.3212271  4.32120333 4.32119252 4.32116309
 4.32115858 4.32115618 4.32114736 4.32112734 4.32111721 4.3211144
 4.32110179 4.32109218 4.32104969 4.32103327 4.32102852 4.32102271
 4.32101302 4.32100369 4.32099434 4.32098891]


Gini Index:
arg sort: [5665  840 3601 1254 3745 4012  451 6724 2253 1462 5557 1292 4344 2948
 2490 3814 4085 6713 5310 5071 5046 1520 2301 1642 4799 4872 6577 2991
 5826 3123  508  547 2481  346 5876 1464 4011 2040  342  665 1923  849
 5679 3103 1944 5385 2977 6069 5931 5988  558 5835 4793  309 6025 5307
 5105 4864 6138 3802 5154 5050 1387 4920 3859 5918 3015  415 5257 5842
 1750 4266 4214 5365 3938 6651  670 3033 4620 2720 6447 2002 4321 4603
 5147 5745 2425 2587 6232 2655 6269 4672 4484 2258 2240 3397  657 2482
 3570 3770]
gini index sort: [0.95       0.94999998 0.94999996 0.94999985 0.94999978 0.94999977
 0.94999943 0.94999908 0.94999878 0.94999854 0.94999848 0.94999836
 0.9499978  0.94999726 0.94999654 0.94999598 0.94999587 0.94999576
 0.94999563 0.94999553 0.94999529 0.94999515 0.94999476 0.94999435
 0.94999299 0.94999274 0.9499926  0.94999224 0.94999212 0.94999182
 0.94999165 0.94999164 0.94999018 0.94999008 0.94998984 0.94998925
 0.94998874 0.94998768 0.94998646 0.94998577 0.94998575 0.94998561
 0.94998461 0.94998149 0.94998089 0.94998058 0.94997744 0.94997671
 0.94997613 0.94997561 0.94997535 0.94997523 0.94997481 0.94997397
 0.94997379 0.94997353 0.94997231 0.94997212 0.94997197 0.9499708
 0.94997015 0.94997002 0.94996935 0.94996718 0.94996696 0.94996582
 0.94996137 0.94996096 0.94996078 0.94996034 0.9499601  0.94995911
 0.94995817 0.94995718 0.94995702 0.9499567  0.94995663 0.94995611
 0.94995416 0.94995199 0.94995033 0.94994823 0.94994823 0.94994564
 0.94994541 0.94994507 0.94994494 0.94994312 0.94994231 0.94994219
 0.9499419  0.94994091 0.94993729 0.94993635 0.94993608 0.94993573
 0.94993527 0.94993398 0.94993361 0.94993351]
